{"transform": {"input_camera_1": [[2.220446049250313e-16, 2.220446049250313e-16, 1.0, 0.625], [-1.0, 0.0, 2.220446049250313e-16, -0.0], [0.0, -1.0, 2.220446049250313e-16, 1.0], [0.0, 0.0, 0.0, 1.0]], "input_camera_2": [[-0.05233595624294374, 1.6653345369377348e-16, 0.9986295347545739, 0.6241434812545776], [-0.9986295347545739, -1.1102230246251565e-16, -0.05233595624294368, -0.03270997107028961], [5.551115123125783e-17, -1.0, 1.1102230246251565e-16, 1.0], [0.0, 0.0, 0.0, 1.0]], "input_camera_3": [[-0.10452846326765375, 2.220446049250313e-16, 0.9945218953682736, 0.621576189994812], [-0.9945218953682736, -3.3306690738754696e-16, -0.10452846326765347, -0.06533028930425644], [0.0, -1.0000000000000002, -1.1102230246251565e-16, 1.0], [0.0, 0.0, 0.0, 1.0]], "input_camera_4": [[-0.15643446504023106, 2.220446049250313e-16, 0.987688340595138, 0.6173052191734314], [-0.987688340595138, -3.3306690738754696e-16, -0.15643446504023073, -0.0977715402841568], [-5.551115123125783e-17, -1.0000000000000002, 0.0, 1.0], [0.0, 0.0, 0.0, 1.0]], "input_camera_5": [[-0.20791169081775962, 1.6653345369377348e-16, 0.9781476007338059, 0.6113422513008118], [-0.9781476007338059, -3.3306690738754696e-16, -0.20791169081775934, -0.1299448013305664], [5.551115123125783e-17, -1.0000000000000002, -1.1102230246251565e-16, 1.0], [0.0, 0.0, 0.0, 1.0]], "input_camera_6": [[-0.25881904510252096, 2.7755575615628914e-16, 0.9659258262890686, 0.6037036180496216], [-0.9659258262890686, -3.3306690738754696e-16, -0.2588190451025207, -0.16176190972328186], [5.551115123125783e-17, -1.0000000000000002, 1.1102230246251565e-16, 1.0], [0.0, 0.0, 0.0, 1.0]], "input_camera_7": [[-0.30901699437494745, 2.220446049250313e-16, 0.9510565162951539, 0.5944103002548218], [-0.9510565162951538, -1.1102230246251565e-16, -0.3090169943749473, -0.19313561916351318], [-5.551115123125783e-17, -1.0000000000000002, 1.1102230246251565e-16, 1.0], [0.0, 0.0, 0.0, 1.0]], "input_camera_8": [[-0.35836794954530016, 2.7755575615628914e-16, 0.9335804264972019, 0.5834877490997314], [-0.9335804264972019, -3.3306690738754696e-16, -0.35836794954530016, -0.22397996485233307], [1.1102230246251565e-16, -1.0, 2.220446049250313e-16, 1.0], [0.0, 0.0, 0.0, 1.0]], "input_camera_9": [[-0.40673664307580015, 1.1102230246251565e-16, 0.9135454576426011, 0.5709658861160278], [-0.9135454576426011, -1.1102230246251565e-16, -0.40673664307580004, -0.2542104125022888], [0.0, -1.0, 1.1102230246251565e-16, 1.0], [0.0, 0.0, 0.0, 1.0]], "input_camera_10": [[-0.45399049973954697, 2.220446049250313e-16, 0.8910065241883682, 0.5568791031837463], [-0.8910065241883682, -4.440892098500626e-16, -0.4539904997395467, -0.28374406695365906], [5.551115123125783e-17, -1.0000000000000002, 0.0, 1.0], [0.0, 0.0, 0.0, 1.0]], "input_camera_11": [[-0.5, 1.1102230246251565e-16, 0.8660254037844389, 0.5412659049034119], [-0.8660254037844389, -2.220446049250313e-16, -0.49999999999999983, -0.3125], [0.0, -1.0000000000000002, 0.0, 1.0], [0.0, 0.0, 0.0, 1.0]], "input_camera_12": [[-0.5446390350150274, 2.220446049250313e-16, 0.8386705679454243, 0.5241690874099731], [-0.8386705679454244, -3.3306690738754696e-16, -0.5446390350150271, -0.3403993844985962], [-5.551115123125783e-17, -1.0000000000000002, -1.1102230246251565e-16, 1.0], [0.0, 0.0, 0.0, 1.0]], "input_camera_13": [[-0.5877852522924728, 2.7755575615628914e-16, 0.8090169943749476, 0.5056356191635132], [-0.8090169943749475, -1.1102230246251565e-16, -0.5877852522924729, -0.3673657774925232], [0.0, -1.0, 4.440892098500626e-16, 1.0], [0.0, 0.0, 0.0, 1.0]], "input_camera_14": [[-0.6293203910498374, 1.6653345369377348e-16, 0.7771459614569711, 0.48571622371673584], [-0.7771459614569711, -2.220446049250313e-16, -0.6293203910498373, -0.39332523941993713], [-5.551115123125783e-17, -1.0, 1.1102230246251565e-16, 1.0], [0.0, 0.0, 0.0, 1.0]], "input_camera_15": [[-0.6691306063588579, 2.220446049250313e-16, 0.7431448254773945, 0.46446552872657776], [-0.7431448254773944, -2.220446049250313e-16, -0.6691306063588579, -0.4182066321372986], [5.551115123125783e-17, -0.9999999999999999, 3.3306690738754696e-16, 1.0], [0.0, 0.0, 0.0, 1.0]], "input_camera_16": [[-0.7071067811865479, 5.551115123125783e-17, 0.7071067811865479, 0.4419417381286621], [-0.7071067811865479, -4.440892098500626e-16, -0.7071067811865476, -0.4419417381286621], [5.551115123125783e-17, -1.0000000000000004, -2.220446049250313e-16, 1.0], [0.0, 0.0, 0.0, 1.0]], "input_camera_17": [[-0.743144825477394, 5.551115123125783e-17, 0.6691306063588585, 0.4182066321372986], [-0.6691306063588585, -1.1102230246251565e-16, -0.743144825477394, -0.46446552872657776], [5.551115123125783e-17, -1.0, 1.1102230246251565e-16, 1.0], [0.0, 0.0, 0.0, 1.0]], "input_camera_18": [[-0.7771459614569709, 2.220446049250313e-16, 0.6293203910498377, 0.39332523941993713], [-0.6293203910498377, -4.440892098500626e-16, -0.7771459614569708, -0.48571622371673584], [0.0, -1.0, 2.220446049250313e-16, 1.0], [0.0, 0.0, 0.0, 1.0]], "input_camera_19": [[-0.8090169943749473, 1.1102230246251565e-16, 0.5877852522924735, 0.3673657774925232], [-0.5877852522924735, -2.220446049250313e-16, -0.8090169943749473, -0.5056356191635132], [0.0, -1.0000000000000002, 1.1102230246251565e-16, 1.0], [0.0, 0.0, 0.0, 1.0]], "input_camera_20": [[-0.8386705679454239, 1.1102230246251565e-16, 0.5446390350150273, 0.3403993844985962], [-0.5446390350150273, -1.1102230246251565e-16, -0.8386705679454238, -0.5241690874099731], [0.0, -1.0, 2.220446049250313e-16, 1.0], [0.0, 0.0, 0.0, 1.0]], "input_camera_21": [[-0.8660254037844385, 1.6653345369377348e-16, 0.5000000000000003, 0.3125], [-0.5000000000000004, -3.3306690738754696e-16, -0.8660254037844385, -0.5412659049034119], [0.0, -1.0, 2.220446049250313e-16, 1.0], [0.0, 0.0, 0.0, 1.0]], "input_camera_22": [[-0.8910065241883679, 1.1102230246251565e-16, 0.45399049973954714, 0.28374406695365906], [-0.45399049973954714, -2.220446049250313e-16, -0.8910065241883678, -0.5568791031837463], [-5.551115123125783e-17, -1.0, 1.1102230246251565e-16, 1.0], [0.0, 0.0, 0.0, 1.0]], "input_camera_23": [[-0.913545457642601, 1.1102230246251565e-16, 0.4067366430758005, 0.2542104125022888], [-0.4067366430758005, -2.220446049250313e-16, -0.9135454576426009, -0.5709658861160278], [-5.551115123125783e-17, -1.0, 0.0, 1.0], [0.0, 0.0, 0.0, 1.0]], "input_camera_24": [[-0.9335804264972019, 1.3877787807814457e-16, 0.3583679495453006, 0.22397996485233307], [-0.3583679495453006, -4.440892098500626e-16, -0.9335804264972017, -0.5834877490997314], [-2.7755575615628914e-17, -1.0, 2.220446049250313e-16, 1.0], [0.0, 0.0, 0.0, 1.0]], "input_camera_25": [[-0.9510565162951536, 1.3877787807814457e-16, 0.3090169943749477, 0.19313561916351318], [-0.3090169943749477, -4.440892098500626e-16, -0.9510565162951535, -0.5944103002548218], [-2.7755575615628914e-17, -1.0, 2.220446049250313e-16, 1.0], [0.0, 0.0, 0.0, 1.0]], "input_camera_26": [[-0.9659258262890686, 8.326672684688674e-17, 0.258819045102521, 0.16176190972328186], [-0.2588190451025211, -3.3306690738754696e-16, -0.9659258262890684, -0.6037036180496216], [-5.551115123125783e-17, -1.0000000000000002, -1.1102230246251565e-16, 1.0], [0.0, 0.0, 0.0, 1.0]], "input_camera_27": [[-0.9781476007338056, 9.71445146547012e-17, 0.20791169081775968, 0.1299448013305664], [-0.20791169081775968, -1.1102230246251565e-16, -0.9781476007338055, -0.6113422513008118], [-5.551115123125783e-17, -1.0, 2.220446049250313e-16, 1.0], [0.0, 0.0, 0.0, 1.0]], "input_camera_28": [[-0.9876883405951377, 9.71445146547012e-17, 0.15643446504023106, 0.0977715402841568], [-0.15643446504023106, -1.1102230246251565e-16, -0.9876883405951378, -0.6173052191734314], [-6.938893903907228e-17, -1.0, 2.220446049250313e-16, 1.0], [0.0, 0.0, 0.0, 1.0]], "input_camera_29": [[-0.9945218953682734, 1.3877787807814457e-17, 0.10452846326765361, 0.06533028930425644], [-0.10452846326765361, -3.3306690738754696e-16, -0.9945218953682734, -0.621576189994812], [1.3877787807814457e-17, -1.0, 2.220446049250313e-16, 1.0], [0.0, 0.0, 0.0, 1.0]], "input_camera_30": [[-0.9986295347545743, 3.469446951953614e-18, 0.0523359562429441, 0.03270997107028961], [-0.0523359562429441, -3.3306690738754696e-16, -0.9986295347545742, -0.6241434812545776], [3.469446951953614e-18, -1.0000000000000002, 0.0, 1.0], [0.0, 0.0, 0.0, 1.0]], "input_camera_31": [[-1.0, 2.465190328815662e-32, 3.14018491736755e-16, 3.827021248892527e-17], [-3.14018491736755e-16, -2.220446049250313e-16, -1.0, -0.625], [2.465190328815662e-32, -1.0, 2.220446049250313e-16, 1.0], [0.0, 0.0, 0.0, 1.0]], "input_camera_32": [[-0.9986295347545739, -1.0408340855860843e-17, -0.05233595624294361, -0.03270997107028961], [0.05233595624294361, -3.3306690738754696e-16, -0.9986295347545739, -0.6241434812545776], [-1.0408340855860843e-17, -1.0, 3.3306690738754696e-16, 1.0], [0.0, 0.0, 0.0, 1.0]], "input_camera_33": [[-0.9945218953682734, -2.0816681711721685e-17, -0.1045284632676533, -0.06533028930425644], [0.1045284632676533, -3.3306690738754696e-16, -0.9945218953682734, -0.621576189994812], [-2.0816681711721685e-17, -1.0, 2.220446049250313e-16, 1.0], [0.0, 0.0, 0.0, 1.0]], "input_camera_34": [[-0.987688340595138, -9.71445146547012e-17, -0.15643446504023062, -0.0977715402841568], [0.15643446504023062, -4.440892098500626e-16, -0.9876883405951379, -0.6173052191734314], [4.163336342344337e-17, -1.0000000000000002, 2.220446049250313e-16, 1.0], [0.0, 0.0, 0.0, 1.0]], "input_camera_35": [[-0.9781476007338058, -1.1102230246251565e-16, -0.20791169081775907, -0.1299448013305664], [0.20791169081775907, -3.3306690738754696e-16, -0.9781476007338058, -0.6113422513008118], [4.163336342344337e-17, -1.0, 2.220446049250313e-16, 1.0], [0.0, 0.0, 0.0, 1.0]], "input_camera_36": [[-0.9659258262890686, -1.1102230246251565e-16, -0.2588190451025205, -0.16176190972328186], [0.2588190451025205, -2.220446049250313e-16, -0.9659258262890685, -0.6037036180496216], [5.551115123125783e-17, -1.0000000000000002, 0.0, 1.0], [0.0, 0.0, 0.0, 1.0]], "input_camera_37": [[-0.9510565162951536, -1.1102230246251565e-16, -0.30901699437494723, -0.19313561916351318], [0.30901699437494723, -3.3306690738754696e-16, -0.9510565162951536, -0.5944103002548218], [2.7755575615628914e-17, -1.0, 3.3306690738754696e-16, 1.0], [0.0, 0.0, 0.0, 1.0]], "input_camera_38": [[-0.9335804264972019, -1.1102230246251565e-16, -0.3583679495453001, -0.22397996485233307], [0.3583679495453001, -3.3306690738754696e-16, -0.9335804264972019, -0.5834877490997314], [0.0, -1.0, 3.3306690738754696e-16, 1.0], [0.0, 0.0, 0.0, 1.0]], "input_camera_39": [[-0.9135454576426013, -1.6653345369377348e-16, -0.40673664307580004, -0.2542104125022888], [0.40673664307580004, -4.440892098500626e-16, -0.9135454576426011, -0.5709658861160278], [0.0, -1.0, 1.1102230246251565e-16, 1.0], [0.0, 0.0, 0.0, 1.0]], "input_camera_40": [[-0.8910065241883681, -1.6653345369377348e-16, -0.45399049973954647, -0.28374406695365906], [0.45399049973954647, -3.3306690738754696e-16, -0.8910065241883681, -0.5568791031837463], [0.0, -1.0, 2.220446049250313e-16, 1.0], [0.0, 0.0, 0.0, 1.0]], "input_camera_41": [[-0.8660254037844394, -1.1102230246251565e-16, -0.4999999999999998, -0.3125], [0.4999999999999997, -4.440892098500626e-16, -0.8660254037844392, -0.5412659049034119], [2.7755575615628914e-17, -1.0000000000000002, -1.1102230246251565e-16, 1.0], [0.0, 0.0, 0.0, 1.0]], "input_camera_42": [[-0.8386705679454242, -1.6653345369377348e-16, -0.5446390350150269, -0.3403993844985962], [0.544639035015027, -2.220446049250313e-16, -0.8386705679454243, -0.5241690874099731], [0.0, -1.0, 3.3306690738754696e-16, 1.0], [0.0, 0.0, 0.0, 1.0]], "input_camera_43": [[-0.809016994374948, -1.1102230246251565e-16, -0.5877852522924729, -0.3673657774925232], [0.5877852522924729, -3.3306690738754696e-16, -0.8090169943749478, -0.5056356191635132], [5.551115123125783e-17, -1.0000000000000002, 0.0, 1.0], [0.0, 0.0, 0.0, 1.0]], "input_camera_44": [[-0.7771459614569715, -2.220446049250313e-16, -0.6293203910498372, -0.39332523941993713], [0.6293203910498372, -4.440892098500626e-16, -0.7771459614569713, -0.48571622371673584], [0.0, -1.0000000000000002, 1.1102230246251565e-16, 1.0], [0.0, 0.0, 0.0, 1.0]], "input_camera_45": [[-0.7431448254773949, -2.220446049250313e-16, -0.6691306063588582, -0.4182066321372986], [0.6691306063588582, -5.551115123125783e-16, -0.7431448254773946, -0.46446552872657776], [0.0, -1.0000000000000002, 1.1102230246251565e-16, 1.0], [0.0, 0.0, 0.0, 1.0]], "input_camera_46": [[-0.7071067811865479, -1.6653345369377348e-16, -0.7071067811865472, -0.4419417381286621], [0.7071067811865472, -1.1102230246251565e-16, -0.7071067811865479, -0.4419417381286621], [5.551115123125783e-17, -1.0, 1.1102230246251565e-16, 1.0], [0.0, 0.0, 0.0, 1.0]], "input_camera_47": [[-0.6691306063588588, -1.6653345369377348e-16, -0.743144825477394, -0.46446552872657776], [0.743144825477394, -2.220446049250313e-16, -0.6691306063588586, -0.4182066321372986], [5.551115123125783e-17, -1.0, 1.1102230246251565e-16, 1.0], [0.0, 0.0, 0.0, 1.0]], "input_camera_48": [[-0.629320391049838, -1.6653345369377348e-16, -0.7771459614569709, -0.48571622371673584], [0.7771459614569709, -2.220446049250313e-16, -0.6293203910498377, -0.39332523941993713], [5.551115123125783e-17, -1.0000000000000002, 0.0, 1.0], [0.0, 0.0, 0.0, 1.0]], "input_camera_49": [[-0.5877852522924737, -1.6653345369377348e-16, -0.8090169943749475, -0.5056356191635132], [0.8090169943749475, -3.3306690738754696e-16, -0.5877852522924735, -0.3673657774925232], [0.0, -1.0000000000000002, 0.0, 1.0], [0.0, 0.0, 0.0, 1.0]], "input_camera_50": [[-0.5446390350150274, -1.6653345369377348e-16, -0.8386705679454237, -0.5241690874099731], [0.8386705679454238, 0.0, -0.5446390350150274, -0.3403993844985962], [0.0, -1.0, 2.220446049250313e-16, 1.0], [0.0, 0.0, 0.0, 1.0]], "input_camera_51": [[-0.5000000000000003, -2.220446049250313e-16, -0.8660254037844386, -0.5412659049034119], [0.8660254037844386, -3.3306690738754696e-16, -0.5000000000000002, -0.3125], [-1.1102230246251565e-16, -1.0, 2.220446049250313e-16, 1.0], [0.0, 0.0, 0.0, 1.0]], "input_camera_52": [[-0.45399049973954697, -2.7755575615628914e-16, -0.8910065241883676, -0.5568791031837463], [0.8910065241883676, 0.0, -0.4539904997395471, -0.28374406695365906], [0.0, -0.9999999999999999, 4.440892098500626e-16, 1.0], [0.0, 0.0, 0.0, 1.0]], "input_camera_53": [[-0.40673664307580093, -3.3306690738754696e-16, -0.9135454576426009, -0.5709658861160278], [0.9135454576426009, -4.440892098500626e-16, -0.4067366430758008, -0.2542104125022888], [0.0, -1.0000000000000002, 1.1102230246251565e-16, 1.0], [0.0, 0.0, 0.0, 1.0]], "input_camera_54": [[-0.3583679495453005, -1.1102230246251565e-16, -0.9335804264972017, -0.5834877490997314], [0.9335804264972017, -1.1102230246251565e-16, -0.35836794954530043, -0.22397996485233307], [0.0, -1.0, 1.1102230246251565e-16, 1.0], [0.0, 0.0, 0.0, 1.0]], "input_camera_55": [[-0.3090169943749479, -2.220446049250313e-16, -0.9510565162951536, -0.5944103002548218], [0.9510565162951536, -1.1102230246251565e-16, -0.3090169943749478, -0.19313561916351318], [5.551115123125783e-17, -1.0, 1.1102230246251565e-16, 1.0], [0.0, 0.0, 0.0, 1.0]], "input_camera_56": [[-0.2588190451025212, -2.220446049250313e-16, -0.9659258262890682, -0.6037036180496216], [0.9659258262890682, 0.0, -0.2588190451025212, -0.16176190972328186], [0.0, -1.0, 2.220446049250313e-16, 1.0], [0.0, 0.0, 0.0, 1.0]], "input_camera_57": [[-0.20791169081775962, -1.6653345369377348e-16, -0.9781476007338056, -0.6113422513008118], [0.9781476007338055, -1.1102230246251565e-16, -0.20791169081775962, -0.1299448013305664], [0.0, -1.0, 1.1102230246251565e-16, 1.0], [0.0, 0.0, 0.0, 1.0]], "input_camera_58": [[-0.15643446504023162, -2.220446049250313e-16, -0.9876883405951379, -0.6173052191734314], [0.9876883405951379, -3.3306690738754696e-16, -0.15643446504023134, -0.0977715402841568], [0.0, -1.0000000000000002, -1.1102230246251565e-16, 1.0], [0.0, 0.0, 0.0, 1.0]], "input_camera_59": [[-0.10452846326765397, -2.7755575615628914e-16, -0.9945218953682733, -0.621576189994812], [0.9945218953682733, -1.1102230246251565e-16, -0.10452846326765397, -0.06533028930425644], [-5.551115123125783e-17, -1.0, 3.3306690738754696e-16, 1.0], [0.0, 0.0, 0.0, 1.0]], "input_camera_60": [[-0.05233595624294418, -2.220446049250313e-16, -0.9986295347545739, -0.6241434812545776], [0.9986295347545739, -1.1102230246251565e-16, -0.05233595624294407, -0.03270997107028961], [0.0, -1.0, 1.1102230246251565e-16, 1.0], [0.0, 0.0, 0.0, 1.0]], "input_camera_61": [[-6.661338147750939e-16, -2.220446049250313e-16, -1.0000000000000002, -0.625], [1.0000000000000002, -2.220446049250313e-16, -4.440892098500626e-16, -7.654042497785054e-17], [0.0, -1.0000000000000002, 0.0, 1.0], [0.0, 0.0, 0.0, 1.0]], "input_camera_62": [[0.05233595624294329, -2.220446049250313e-16, -0.9986295347545738, -0.6241434812545776], [0.9986295347545738, 0.0, 0.05233595624294329, 0.03270997107028961], [0.0, -1.0, 2.220446049250313e-16, 1.0], [0.0, 0.0, 0.0, 1.0]], "input_camera_63": [[0.10452846326765314, -2.220446049250313e-16, -0.9945218953682736, -0.621576189994812], [0.9945218953682736, -2.7755575615628914e-16, 0.10452846326765347, 0.06533028930425644], [0.0, -1.0000000000000002, -5.551115123125783e-17, 1.0], [0.0, 0.0, 0.0, 1.0]], "input_camera_64": [[0.15643446504023067, -1.1102230246251565e-16, -0.9876883405951377, -0.6173052191734314], [0.9876883405951377, 1.6653345369377348e-16, 0.15643446504023062, 0.0977715402841568], [0.0, -0.9999999999999999, 2.7755575615628914e-16, 1.0], [0.0, 0.0, 0.0, 1.0]], "input_camera_65": [[0.20791169081775907, -2.220446049250313e-16, -0.9781476007338059, -0.6113422513008118], [0.9781476007338059, -2.220446049250313e-16, 0.2079116908177594, 0.1299448013305664], [-5.551115123125783e-17, -1.0000000000000002, -5.551115123125783e-17, 1.0], [0.0, 0.0, 0.0, 1.0]], "input_camera_66": [[0.2588190451025206, -2.220446049250313e-16, -0.9659258262890684, -0.6037036180496216], [0.9659258262890683, -5.551115123125783e-17, 0.2588190451025207, 0.16176190972328186], [-5.551115123125783e-17, -1.0, 1.1102230246251565e-16, 1.0], [0.0, 0.0, 0.0, 1.0]], "input_camera_67": [[0.30901699437494695, -1.6653345369377348e-16, -0.9510565162951536, -0.5944103002548218], [0.9510565162951536, 5.551115123125783e-17, 0.309016994374947, 0.19313561916351318], [5.551115123125783e-17, -1.0, 1.6653345369377348e-16, 1.0], [0.0, 0.0, 0.0, 1.0]], "input_camera_68": [[0.3583679495453001, -2.220446049250313e-16, -0.9335804264972019, -0.5834877490997314], [0.933580426497202, -1.6653345369377348e-16, 0.3583679495453003, 0.22397996485233307], [-5.551115123125783e-17, -1.0000000000000002, 0.0, 1.0], [0.0, 0.0, 0.0, 1.0]], "input_camera_69": [[0.40673664307580004, -1.1102230246251565e-16, -0.9135454576426011, -0.5709658861160278], [0.9135454576426011, 0.0, 0.40673664307580004, 0.2542104125022888], [0.0, -1.0, 5.551115123125783e-17, 1.0], [0.0, 0.0, 0.0, 1.0]], "input_camera_70": [[0.45399049973954636, -1.6653345369377348e-16, -0.8910065241883682, -0.5568791031837463], [0.8910065241883682, -1.6653345369377348e-16, 0.4539904997395466, 0.28374406695365906], [-5.551115123125783e-17, -1.0000000000000002, 0.0, 1.0], [0.0, 0.0, 0.0, 1.0]], "input_camera_71": [[0.4999999999999999, -2.220446049250313e-16, -0.8660254037844387, -0.5412659049034119], [0.8660254037844387, 0.0, 0.49999999999999994, 0.3125], [-1.1102230246251565e-16, -1.0, 1.6653345369377348e-16, 1.0], [0.0, 0.0, 0.0, 1.0]], "input_camera_72": [[0.544639035015027, -2.220446049250313e-16, -0.838670567945424, -0.5241690874099731], [0.838670567945424, 1.3877787807814457e-16, 0.544639035015027, 0.3403993844985962], [-5.551115123125783e-17, -1.0, 3.0531133177191805e-16, 1.0], [0.0, 0.0, 0.0, 1.0]], "input_camera_73": [[0.5877852522924728, -2.220446049250313e-16, -0.8090169943749477, -0.5056356191635132], [0.8090169943749478, 1.942890293094024e-16, 0.5877852522924728, 0.3673657774925232], [5.551115123125783e-17, -1.0, 2.7755575615628914e-16, 1.0], [0.0, 0.0, 0.0, 1.0]], "input_camera_74": [[0.6293203910498374, -1.6653345369377348e-16, -0.777145961456971, -0.48571622371673584], [0.7771459614569711, -1.942890293094024e-16, 0.6293203910498377, 0.39332523941993713], [0.0, -1.0000000000000002, -1.3877787807814457e-16, 1.0], [0.0, 0.0, 0.0, 1.0]], "input_camera_75": [[0.6691306063588579, -1.6653345369377348e-16, -0.7431448254773947, -0.46446552872657776], [0.7431448254773947, 2.7755575615628914e-17, 0.6691306063588582, 0.4182066321372986], [5.551115123125783e-17, -1.0000000000000002, 8.326672684688674e-17, 1.0], [0.0, 0.0, 0.0, 1.0]], "input_camera_76": [[0.7071067811865472, -1.6653345369377348e-16, -0.7071067811865479, -0.4419417381286621], [0.7071067811865479, 5.551115123125783e-17, 0.7071067811865475, 0.4419417381286621], [5.551115123125783e-17, -1.0000000000000002, 1.1102230246251565e-16, 1.0], [0.0, 0.0, 0.0, 1.0]], "input_camera_77": [[0.7431448254773941, -2.220446049250313e-16, -0.6691306063588583, -0.4182066321372986], [0.6691306063588583, 1.3877787807814457e-16, 0.7431448254773942, 0.46446552872657776], [0.0, -1.0, 1.942890293094024e-16, 1.0], [0.0, 0.0, 0.0, 1.0]], "input_camera_78": [[0.7771459614569703, -1.6653345369377348e-16, -0.6293203910498382, -0.39332523941993713], [0.6293203910498382, 4.163336342344337e-17, 0.7771459614569706, 0.48571622371673584], [-5.551115123125783e-17, -1.0000000000000002, 9.71445146547012e-17, 1.0], [0.0, 0.0, 0.0, 1.0]], "input_camera_79": [[0.8090169943749472, -1.6653345369377348e-16, -0.5877852522924735, -0.3673657774925232], [0.5877852522924736, 2.7755575615628914e-16, 0.8090169943749471, 0.5056356191635132], [0.0, -0.9999999999999999, 3.191891195797325e-16, 1.0], [0.0, 0.0, 0.0, 1.0]], "input_camera_80": [[0.8386705679454239, -1.6653345369377348e-16, -0.5446390350150273, -0.3403993844985962], [0.5446390350150272, 1.3877787807814457e-16, 0.838670567945424, 0.5241690874099731], [0.0, -1.0000000000000002, 1.8041124150158794e-16, 1.0], [0.0, 0.0, 0.0, 1.0]], "input_camera_81": [[0.8660254037844384, -1.1102230246251565e-16, -0.5000000000000006, -0.3125], [0.5000000000000006, 1.6653345369377348e-16, 0.8660254037844383, 0.5412659049034119], [0.0, -0.9999999999999999, 2.0816681711721685e-16, 1.0], [0.0, 0.0, 0.0, 1.0]], "input_camera_82": [[0.8910065241883677, -1.1102230246251565e-16, -0.4539904997395472, -0.28374406695365906], [0.4539904997395472, 2.7755575615628914e-17, 0.8910065241883677, 0.5568791031837463], [-2.7755575615628914e-17, -1.0, 6.938893903907228e-17, 1.0], [0.0, 0.0, 0.0, 1.0]], "input_camera_83": [[0.9135454576426008, -1.1102230246251565e-16, -0.4067366430758004, -0.2542104125022888], [0.4067366430758004, 1.3877787807814457e-17, 0.9135454576426009, 0.5709658861160278], [-2.7755575615628914e-17, -1.0, 4.85722573273506e-17, 1.0], [0.0, 0.0, 0.0, 1.0]], "input_camera_84": [[0.9335804264972014, -1.1102230246251565e-16, -0.358367949545301, -0.22397996485233307], [0.358367949545301, 1.249000902703301e-16, 0.9335804264972015, 0.5834877490997314], [-5.551115123125783e-17, -1.0, 1.5265566588595902e-16, 1.0], [0.0, 0.0, 0.0, 1.0]], "input_camera_85": [[0.9510565162951534, -1.1102230246251565e-16, -0.3090169943749479, -0.19313561916351318], [0.3090169943749479, -1.1796119636642288e-16, 0.9510565162951538, 0.5944103002548218], [-5.551115123125783e-17, -1.0000000000000002, -9.367506770274758e-17, 1.0], [0.0, 0.0, 0.0, 1.0]], "input_camera_86": [[0.9659258262890682, -1.1102230246251565e-16, -0.25881904510252096, -0.16176190972328186], [0.25881904510252096, 2.255140518769849e-16, 0.9659258262890681, 0.6037036180496216], [-5.551115123125783e-17, -0.9999999999999999, 2.463307335887066e-16, 1.0], [0.0, 0.0, 0.0, 1.0]], "input_camera_87": [[0.9781476007338055, -9.71445146547012e-17, -0.20791169081776, -0.1299448013305664], [0.20791169081776, 1.1796119636642288e-16, 0.9781476007338055, 0.6113422513008118], [-6.938893903907228e-17, -1.0, 1.3530843112619095e-16, 1.0], [0.0, 0.0, 0.0, 1.0]], "input_camera_88": [[0.9876883405951375, -8.326672684688674e-17, -0.1564344650402314, -0.0977715402841568], [0.1564344650402314, 1.5178830414797062e-16, 0.9876883405951377, 0.6173052191734314], [-6.938893903907228e-17, -1.0, 1.6393136847980827e-16, 1.0], [0.0, 0.0, 0.0, 1.0]], "input_camera_89": [[0.9945218953682733, -1.3877787807814457e-17, -0.10452846326765361, -0.06533028930425644], [0.10452846326765361, 2.38524477946811e-16, 0.9945218953682734, 0.621576189994812], [1.3877787807814457e-17, -1.0, 2.38524477946811e-16, 1.0], [0.0, 0.0, 0.0, 1.0]], "input_camera_90": [[0.9986295347545739, -6.938893903907228e-18, -0.052335956242944556, -0.03270997107028961], [0.052335956242944556, 2.7885679876327174e-16, 0.9986295347545739, 0.6241434812545776], [6.938893903907228e-18, -1.0, 2.7885679876327174e-16, 1.0], [0.0, 0.0, 0.0, 1.0]], "input_camera_91": [[1.0, -2.465190328815662e-32, -3.14018491736755e-16, -1.148106308493309e-16], [3.14018491736755e-16, 2.2204460492503128e-16, 1.0, 0.625], [2.465190328815662e-32, -1.0, 2.2204460492503128e-16, 1.0], [0.0, 0.0, 0.0, 1.0]], "input_camera_92": [[0.9986295347545739, 3.469446951953614e-18, 0.05233595624294379, 0.03270997107028961], [-0.05233595624294379, -3.393552799879629e-17, 0.9986295347545742, 0.6241434812545776], [-3.469446951953614e-18, -1.0000000000000002, -3.393552799879629e-17, 1.0], [0.0, 0.0, 0.0, 1.0]], "input_camera_93": [[0.9945218953682735, 6.938893903907228e-18, 0.10452846326765286, 0.06533028930425644], [-0.10452846326765286, -5.4643789493269423e-17, 0.9945218953682736, 0.621576189994812], [-6.938893903907228e-18, -1.0000000000000002, -5.4643789493269423e-17, 1.0], [0.0, 0.0, 0.0, 1.0]], "input_camera_94": [[0.9876883405951378, 1.1102230246251565e-16, 0.15643446504023048, 0.0977715402841568], [-0.15643446504023048, 2.255140518769849e-16, 0.9876883405951379, 0.6173052191734314], [5.551115123125783e-17, -1.0, 2.3765711620882257e-16, 1.0], [0.0, 0.0, 0.0, 1.0]], "input_camera_95": [[0.9781476007338057, 1.1102230246251565e-16, 0.20791169081775923, 0.1299448013305664], [-0.20791169081775923, 2.0122792321330962e-16, 0.9781476007338058, 0.6113422513008118], [5.551115123125783e-17, -1.0000000000000002, 2.1684043449710089e-16, 1.0], [0.0, 0.0, 0.0, 1.0]], "input_camera_96": [[0.9659258262890684, 1.1102230246251565e-16, 0.2588190451025201, 0.16176190972328186], [-0.2588190451025201, 1.734723475976807e-17, 0.9659258262890686, 0.6037036180496216], [2.7755575615628914e-17, -1.0000000000000002, 3.8163916471489756e-17, 1.0], [0.0, 0.0, 0.0, 1.0]], "input_camera_97": [[0.9510565162951538, 1.3877787807814457e-16, 0.3090169943749469, 0.19313561916351318], [-0.3090169943749469, 3.677613769070831e-16, 0.9510565162951536, 0.5944103002548218], [2.7755575615628914e-17, -1.0, 3.920475055707584e-16, 1.0], [0.0, 0.0, 0.0, 1.0]], "input_camera_98": [[0.9335804264972019, 1.1102230246251565e-16, 0.3583679495453001, 0.22397996485233307], [-0.3583679495453001, 2.983724378680108e-16, 0.9335804264972019, 0.5834877490997314], [0.0, -1.0, 3.2612801348363973e-16, 1.0], [0.0, 0.0, 0.0, 1.0]], "input_camera_99": [[0.9135454576426012, 1.3877787807814457e-16, 0.4067366430757996, 0.2542104125022888], [-0.4067366430757996, 1.942890293094024e-16, 0.9135454576426012, 0.5709658861160278], [0.0, -1.0, 2.2898349882893854e-16, 1.0], [0.0, 0.0, 0.0, 1.0]], "input_camera_100": [[0.891006524188368, 1.6653345369377348e-16, 0.45399049973954647, 0.28374406695365906], [-0.45399049973954647, 2.1510571102112408e-16, 0.8910065241883681, 0.5568791031837463], [0.0, -1.0, 2.498001805406602e-16, 1.0], [0.0, 0.0, 0.0, 1.0]], "input_camera_101": [[0.8660254037844387, 1.3877787807814457e-16, 0.5, 0.3125], [-0.5, 0.0, 0.8660254037844387, 0.5412659049034119], [8.326672684688674e-17, -1.0, 6.938893903907228e-17, 1.0], [0.0, 0.0, 0.0, 1.0]], "input_camera_102": [[0.8386705679454245, 1.1102230246251565e-16, 0.5446390350150265, 0.3403993844985962], [-0.5446390350150265, 5.551115123125783e-17, 0.8386705679454245, 0.5241690874099731], [5.551115123125783e-17, -1.0, 9.71445146547012e-17, 1.0], [0.0, 0.0, 0.0, 1.0]], "input_camera_103": [[0.8090169943749477, 1.6653345369377348e-16, 0.5877852522924727, 0.3673657774925232], [-0.5877852522924727, 3.191891195797325e-16, 0.8090169943749477, 0.5056356191635132], [-5.551115123125783e-17, -1.0, 3.7470027081099033e-16, 1.0], [0.0, 0.0, 0.0, 1.0]], "input_camera_104": [[0.7771459614569709, 1.6653345369377348e-16, 0.6293203910498373, 0.39332523941993713], [-0.6293203910498373, 3.3306690738754696e-16, 0.7771459614569709, 0.48571622371673584], [-5.551115123125783e-17, -1.0, 3.885780586188048e-16, 1.0], [0.0, 0.0, 0.0, 1.0]], "input_camera_105": [[0.7431448254773947, 5.551115123125783e-17, 0.6691306063588576, 0.4182066321372986], [-0.6691306063588576, 2.498001805406602e-16, 0.7431448254773947, 0.46446552872657776], [-5.551115123125783e-17, -1.0, 2.498001805406602e-16, 1.0], [0.0, 0.0, 0.0, 1.0]], "input_camera_106": [[0.7071067811865479, 5.551115123125783e-17, 0.7071067811865472, 0.4419417381286621], [-0.7071067811865472, 8.326672684688674e-17, 0.7071067811865479, 0.4419417381286621], [-5.551115123125783e-17, -1.0, 8.326672684688674e-17, 1.0], [0.0, 0.0, 0.0, 1.0]], "input_camera_107": [[0.6691306063588582, 1.1102230246251565e-16, 0.7431448254773941, 0.46446552872657776], [-0.7431448254773941, 2.220446049250313e-16, 0.6691306063588582, 0.4182066321372986], [0.0, -1.0, 2.7755575615628914e-16, 1.0], [0.0, 0.0, 0.0, 1.0]], "input_camera_108": [[0.6293203910498381, 2.220446049250313e-16, 0.7771459614569705, 0.48571622371673584], [-0.7771459614569705, 1.3877787807814457e-16, 0.6293203910498382, 0.39332523941993713], [-5.551115123125783e-17, -1.0, 1.942890293094024e-16, 1.0], [0.0, 0.0, 0.0, 1.0]], "input_camera_109": [[0.5877852522924735, 2.220446049250313e-16, 0.8090169943749472, 0.5056356191635132], [-0.8090169943749472, 0.0, 0.5877852522924736, 0.3673657774925232], [5.551115123125783e-17, -1.0, 1.3877787807814457e-16, 1.0], [0.0, 0.0, 0.0, 1.0]], "input_camera_110": [[0.5446390350150271, 3.3306690738754696e-16, 0.8386705679454242, 0.5241690874099731], [-0.8386705679454242, -1.1102230246251565e-16, 0.5446390350150274, 0.3403993844985962], [0.0, -1.0000000000000002, 2.7755575615628914e-17, 1.0], [0.0, 0.0, 0.0, 1.0]], "input_camera_111": [[0.5000000000000004, 1.6653345369377348e-16, 0.8660254037844386, 0.5412659049034119], [-0.8660254037844386, -2.498001805406602e-16, 0.5000000000000008, 0.3125], [-5.551115123125783e-17, -1.0000000000000002, -1.6653345369377348e-16, 1.0], [0.0, 0.0, 0.0, 1.0]], "input_camera_112": [[0.453990499739547, 2.220446049250313e-16, 0.891006524188368, 0.5568791031837463], [-0.891006524188368, -2.7755575615628914e-16, 0.45399049973954747, 0.28374406695365906], [5.551115123125783e-17, -1.0000000000000004, -1.1102230246251565e-16, 1.0], [0.0, 0.0, 0.0, 1.0]], "input_camera_113": [[0.4067366430758003, 2.220446049250313e-16, 0.9135454576426009, 0.5709658861160278], [-0.9135454576426009, 1.6653345369377348e-16, 0.4067366430758003, 0.2542104125022888], [-1.1102230246251565e-16, -1.0, 2.220446049250313e-16, 1.0], [0.0, 0.0, 0.0, 1.0]], "input_camera_114": [[0.35836794954530077, 2.220446049250313e-16, 0.9335804264972019, 0.5834877490997314], [-0.9335804264972017, -2.7755575615628914e-16, 0.3583679495453011, 0.22397996485233307], [5.551115123125783e-17, -1.0000000000000002, -5.551115123125783e-17, 1.0], [0.0, 0.0, 0.0, 1.0]], "input_camera_115": [[0.3090169943749478, 2.220446049250313e-16, 0.9510565162951536, 0.5944103002548218], [-0.9510565162951536, 0.0, 0.30901699437494795, 0.19313561916351318], [-1.1102230246251565e-16, -1.0000000000000002, 1.1102230246251565e-16, 1.0], [0.0, 0.0, 0.0, 1.0]], "input_camera_116": [[0.2588190451025208, 2.220446049250313e-16, 0.9659258262890684, 0.6037036180496216], [-0.9659258262890684, -1.6653345369377348e-16, 0.25881904510252096, 0.16176190972328186], [0.0, -1.0000000000000002, 0.0, 1.0], [0.0, 0.0, 0.0, 1.0]], "input_camera_117": [[0.2079116908177599, 2.220446049250313e-16, 0.9781476007338058, 0.6113422513008118], [-0.9781476007338058, -2.7755575615628914e-16, 0.20791169081776023, 0.1299448013305664], [0.0, -1.0000000000000002, -1.1102230246251565e-16, 1.0], [0.0, 0.0, 0.0, 1.0]], "input_camera_118": [[0.15643446504023134, 2.220446049250313e-16, 0.9876883405951378, 0.6173052191734314], [-0.9876883405951378, -1.6653345369377348e-16, 0.15643446504023145, 0.0977715402841568], [0.0, -1.0000000000000002, 5.551115123125783e-17, 1.0], [0.0, 0.0, 0.0, 1.0]], "input_camera_119": [[0.10452846326765375, 2.220446049250313e-16, 0.9945218953682733, 0.621576189994812], [-0.9945218953682733, 0.0, 0.10452846326765375, 0.06533028930425644], [5.551115123125783e-17, -1.0, 2.220446049250313e-16, 1.0], [0.0, 0.0, 0.0, 1.0]], "input_camera_120": [[0.052335956242944626, 2.220446049250313e-16, 0.9986295347545738, 0.6241434812545776], [-0.9986295347545738, 0.0, 0.052335956242944626, 0.03270997107028961], [0.0, -1.0, 2.220446049250313e-16, 1.0], [0.0, 0.0, 0.0, 1.0]],"input_camera_121": [[2.220446049250313e-16, 2.220446049250313e-16, 1.0, 0.625], [-1.0, 0.0, 2.220446049250313e-16, -0.0], [0.0, -1.0, 2.220446049250313e-16, 1.0], [0.0, 0.0, 0.0, 1.0]]}, "fov": 90, "img_size": [320, 200]}