{"transform": {"spherical_1": [[-0.17154227748373566, -0.9729592162129493, 0.15467259169606148, -0.3959617106119792], [-0.9851767592852022, 0.1694149179575216, -0.026932109790231973, 0.10341915130615235], [-3.0531133177191805e-16, -0.1569998380882275, -0.9875986284114974, 12.851183891296387], [0.0, 0.0, 0.0, 1.0]], "spherical_2": [[-0.7913067794122082, -0.366388287649839, 0.48948258756496976, -1.253075663248698], [-0.6114193167183054, 0.4741844557196464, -0.6334946890839601, 2.4326193237304694], [-1.1102230246251565e-16, -0.8005677514282483, -0.5992422509912989, 8.19090747833252], [0.0, 0.0, 0.0, 1.0]], "spherical_3": [[0.4017748270260209, 0.2092607273535958, -0.8915082368411719, 2.2822611490885416], [0.9157384934402457, -0.09181190169256154, 0.3911439458043348, -1.5019924926757813], [0.0, -0.9735402008623164, -0.22851581412445077, 3.742189884185791], [0.0, 0.0, 0.0, 1.0]], "spherical_4": [[0.9103083940958543, -0.25175313705192415, 0.3285711271903571, -0.8411417134602864], [-0.4139307039090321, -0.5536506273491977, 0.7225872647626814, -2.774735412597656], [-1.3877787807814457e-16, -0.793782930542321, -0.6082011667036205, 8.29841423034668], [0.0, 0.0, 0.0, 1.0]], "spherical_5": [[-0.8686657134521761, 0.4771879505652212, -0.1330847027572529, 0.340696767171224], [0.4953987063695487, 0.8367337382978662, -0.2333597500029852, 0.8961017608642579], [-2.7755575615628914e-16, -0.26864160331088355, -0.963240203153169, 12.558881759643555], [0.0, 0.0, 0.0, 1.0]], "spherical_6": [[0.12802270113876035, -0.9735098973881565, 0.1894430460070701, -0.48497421264648444], [-0.9917712377323392, -0.12566543766072136, 0.02445423857747052, -0.09390440940856934], [-2.498001805406602e-16, -0.1910148618951958, -0.9815871446464447, 12.779046058654785], [0.0, 0.0, 0.0, 1.0]], "spherical_7": [[0.4413153484288548, -0.31798444690905975, 0.8391225505044289, -2.1481536865234374], [-0.8973520843242737, -0.1563838981755986, 0.4126782198642008, -1.5846844482421876], [-5.551115123125783e-17, -0.9351096020870193, -0.35435862072857305, 5.252303600311279], [0.0, 0.0, 0.0, 1.0]], "spherical_8": [[-0.9722638821532285, 0.04695546123783158, -0.22912469993493909, 0.5865586344401041], [0.23388660384967197, 0.1951933042763433, -0.9524687031631799, 3.657480163574219], [5.551115123125783e-17, -0.9796401168927421, -0.20076165314714545, 3.40913987159729], [0.0, 0.0, 0.0, 1.0]], "spherical_9": [[-0.4941772065846133, -0.8612137288009656, 0.1187425863663299, -0.30398111979166664], [-0.8693611956443814, 0.4895458836942056, -0.06749769822616794, 0.2591911506652832], [-1.0408340855860843e-16, -0.13658602081763765, -0.9906282142747621, 12.88753890991211], [0.0, 0.0, 0.0, 1.0]], "spherical_10": [[-0.68845502211046, 0.5922176606909614, -0.41869789215687736, 1.0718663533528645], [0.7252790377026533, 0.5621494645380245, -0.39743967716966266, 1.526168670654297], [-2.498001805406602e-16, -0.5772921460450833, -0.816537677094366, 10.798452377319336], [0.0, 0.0, 0.0, 1.0]], "spherical_11": [[0.6772037506540289, 0.20162683602152354, -0.7076310472951746, 1.8115354410807294], [0.7357955423214495, -0.18557118347779972, 0.651282009395725, -2.5009230041503914], [-5.551115123125783e-17, -0.9617223897043257, -0.2740256286214878, 4.2883076667785645], [0.0, 0.0, 0.0, 1.0]], "spherical_12": [[-0.38511105339998897, 0.8034498634047271, -0.4540460257992319, 1.1623577880859377], [0.9228702381966554, 0.3352772799938718, -0.18947207966019627, 0.7275727081298828], [-3.3306690738754696e-16, -0.49199335616940654, -0.8705989532989138, 11.447187423706055], [0.0, 0.0, 0.0, 1.0]], "spherical_13": [[-0.9605964988988043, -0.24291221922306697, 0.13508523255887206, -0.3458184051513672], [-0.2779466968743466, 0.839515741505304, -0.46686074311451775, 1.7927452087402345], [-2.3592239273284576e-16, -0.4860112894953411, -0.8739525310238972, 11.487430572509766], [0.0, 0.0, 0.0, 1.0]], "spherical_14": [[0.5539600345162105, 0.4217202543990549, -0.7178302774252387, 1.8376454671223958], [0.8325432602326434, -0.28060543859042786, 0.4776319793257928, -1.8341067504882813], [-1.6653345369377348e-16, -0.8622137872146733, -0.5065445539505187, 7.0785346031188965], [0.0, 0.0, 0.0, 1.0]], "spherical_15": [[-0.9360894792194687, 0.18252741085680937, -0.30069956963809186, 0.7697914123535157], [0.3517619747707591, 0.4857318335319735, -0.800205035599654, 3.0727871704101566], [-2.7755575615628914e-17, -0.8548381894718888, -0.5188946615840477, 7.226735591888428], [0.0, 0.0, 0.0, 1.0]], "spherical_16": [[0.18014838124652985, 0.8468901933430446, -0.5003234565295093, 1.2808280436197919], [0.9836394465119092, -0.15510347614191902, 0.09163160456108069, -0.35186557769775395], [-1.1102230246251565e-16, -0.5086451730903125, -0.8609762411889925, 11.331714630126953], [0.0, 0.0, 0.0, 1.0]], "spherical_17": [[0.5080045629761937, 0.28360015792261223, -0.8133279255144483, 2.0821193440755206], [0.8613543777072052, -0.16726004768089686, 0.47967980200798316, -1.8419708251953126], [-5.551115123125783e-17, -0.9442430973409623, -0.32924910497060805, 4.950989246368408], [0.0, 0.0, 0.0, 1.0]], "spherical_18": [[-0.719189564564382, 0.21764434241857775, -0.6598464294325459, 1.68920654296875], [0.6948139104981238, 0.22527980152513183, -0.6829953446423355, 2.62270263671875], [-5.551115123125783e-17, -0.9496736024750726, -0.3132411990176547, 4.758894443511963], [0.0, 0.0, 0.0, 1.0]], "spherical_19": [[0.9941050624691314, -0.09832712362258872, 0.045682617409169374, -0.11694756825764974], [-0.10842105318269321, -0.9015545274821816, 0.4188607276925541, -1.6084252929687501], [-2.5326962749261384e-16, -0.42134452736031647, -0.9069006501615883, 11.882807731628418], [0.0, 0.0, 0.0, 1.0]], "spherical_20": [[0.5910561915271916, -0.5019454405814304, 0.6314296105955797, -1.6164597574869792], [-0.8066303852802544, -0.36779913809150766, 0.4626783067767194, -1.7766847229003908], [0.0, -0.7827991879777708, -0.6222744019332165, 8.467292785644531], [0.0, 0.0, 0.0, 1.0]], "spherical_21": [[0.42792580770479066, -0.6453352826115061, 0.6327889664943047, -1.6199398803710938], [-0.9038138652953952, -0.3055447948474122, 0.2996045314100748, -1.150481185913086], [-2.7755575615628914e-16, -0.7001319528191673, -0.714013479313675, 9.568161964416504], [0.0, 0.0, 0.0, 1.0]], "spherical_22": [[-0.09642045172480136, 0.9928887154704081, -0.06982188181872888, 0.17874398549397785], [0.9953406936768866, 0.0961829241648509, -0.006763771870280953, 0.025972979068756105], [-1.3877787807814457e-16, -0.07014872622237517, -0.9975365437964562, 12.970438957214355], [0.0, 0.0, 0.0, 1.0]], "spherical_23": [[-0.8547004184661079, -0.5097796070541969, 0.09804053705243022, -0.25098360697428385], [-0.5191215605942989, 0.8393194899782306, -0.1614174682889757, 0.619842987060547], [-2.3592239273284576e-16, -0.18885853429048796, -0.9820043044842771, 12.784051895141602], [0.0, 0.0, 0.0, 1.0]], "spherical_24": [[0.1112560400376012, 0.9453585199366474, -0.3064626605939835, 0.7845445251464844], [0.993791775753428, -0.10583388584014092, 0.03430881887830539, -0.13174589157104494], [-1.942890293094024e-16, -0.3083771350005825, -0.951264181291839, 12.415169715881348], [0.0, 0.0, 0.0, 1.0]], "spherical_25": [[-0.9998493360544619, -0.0006558725939807743, 0.017345749409929657, -0.044404586156209305], [-0.017358144815953408, 0.03777902446263981, -0.9991353462465432, 3.8366796875], [4.5102810375396984e-17, -0.9992859026033499, -0.037784717257222766, 1.4534165859222412], [0.0, 0.0, 0.0, 1.0]], "spherical_26": [[-0.2014494993968204, -0.5975816241066472, 0.776089106818819, -1.9867881266276044], [-0.9794989020885989, 0.12290214799458138, -0.1596150457367585, 0.6129216003417969], [-1.1102230246251565e-16, -0.7923327991118252, -0.6100891209090852, 8.32106876373291], [0.0, 0.0, 0.0, 1.0]], "spherical_27": [[0.17314774378845663, 0.4232198125705645, -0.8893283134302556, 2.276680501302083], [0.9848958619168663, -0.07440335420898772, 0.15634667269080244, -0.6003713607788086], [-2.7755575615628914e-16, -0.9029668494082095, -0.4297102149935602, 6.156522750854492], [0.0, 0.0, 0.0, 1.0]], "spherical_28": [[-0.9857443269181616, -0.02116885666866858, 0.16691315543120902, -0.42729766845703127], [-0.16825017666754938, 0.12402412158957599, -0.9779109853740641, 3.7551782226562502], [-8.326672684688674e-17, -0.9920533739528715, -0.1258177381322868, 2.509812831878662], [0.0, 0.0, 0.0, 1.0]], "spherical_29": [[-0.23966691613480584, 0.2839211424083201, -0.9284118451441616, 2.376734619140625], [0.9708551742203533, 0.07008924341482503, -0.22918928562894325, 0.8800852966308594], [-1.6653345369377348e-16, -0.9562825329635025, -0.2924443830011244, 4.509332656860352], [0.0, 0.0, 0.0, 1.0]], "spherical_30": [[0.9900907735004153, -0.13295826683608086, 0.04519247182103377, -0.11569291432698568], [-0.1404288440077373, -0.9374196176375044, 0.3186286243246294, -1.2235337066650391], [-2.8796409701215e-16, -0.32181758769262553, -0.9468016900342433, 12.361620903015137], [0.0, 0.0, 0.0, 1.0]], "spherical_31": [[-0.9983155416660999, 0.057662697404754625, -0.006410350686953837, 0.016410501797993977], [0.05801792195453078, 0.9922031857444099, -0.11030303228253538, 0.4235634231567383], [-2.5326962749261384e-16, -0.11048914664640944, -0.9938773306969773, 12.926527976989746], [0.0, 0.0, 0.0, 1.0]], "spherical_32": [[-0.1939294176573737, 0.8341679006298776, -0.5162899326210175, 1.3217021687825519], [0.9810154845704894, 0.16490024647108614, -0.10206139204764458, 0.39191612243652346], [-2.220446049250313e-16, -0.5262811247541734, -0.8503106360192625, 11.203727722167969], [0.0, 0.0, 0.0, 1.0]], "spherical_33": [[0.9932831344784294, 0.10869948528825132, -0.039661526178094056, 0.10153337478637697], [0.11570918183405501, -0.9331097476616088, 0.34046671505182813, -1.307392272949219], [-1.8388068845354155e-16, -0.3427690486566113, -0.9394197034781855, 12.273036003112793], [0.0, 0.0, 0.0, 1.0]], "spherical_34": [[0.33051946996626164, 0.9407523775118497, -0.07577495746632855, 0.1939838663736979], [0.9437991735391708, -0.32945247877122935, 0.02653647034312359, -0.10189999580383302], [-1.8041124150158794e-16, -0.08028716234427132, -0.9967717750632316, 12.961261749267578], [0.0, 0.0, 0.0, 1.0]], "spherical_35": [[-0.7873242535366555, -0.6150427470449243, 0.0429294665746258, -0.10989943186442058], [-0.6165391470076728, 0.785413341651528, -0.05482119081916678, 0.21051340103149416], [-1.0408340855860843e-16, -0.06962974984310522, -0.9975729035698528, 12.970874786376953], [0.0, 0.0, 0.0, 1.0]], "spherical_36": [[-0.41058772723010034, 0.8999657128894846, -0.14655863629054172, 0.37518997192382814], [0.9118210999138051, 0.40524931554582416, -0.06599449978308788, 0.2534189224243164], [-1.6653345369377348e-16, -0.16073178861993442, -0.9869981216431152, 12.843977928161621], [0.0, 0.0, 0.0, 1.0]], "spherical_37": [[0.47405378624235894, -0.826051250786649, 0.3048152535932164, -0.7803270975748697], [-0.8804958874119083, -0.44474111539200745, 0.16411073252712505, -0.6301852416992187], [-2.220446049250313e-16, -0.3461858913267356, -0.9381659387583383, 12.257990837097168], [0.0, 0.0, 0.0, 1.0]], "spherical_38": [[0.9004002165143535, -0.04623828898315385, 0.43259850985967996, -1.1074518839518228], [-0.4350625818211735, -0.09569419929751095, 0.8953006032165416, -3.4379544067382817], [-2.7755575615628914e-17, -0.9943362815731502, -0.10627962715065102, 2.275355577468872], [0.0, 0.0, 0.0, 1.0]], "spherical_39": [[-0.6801872399566056, -0.30609993541916536, 0.6660691766900779, -1.705137125651042], [-0.7330384155009992, 0.2840305034782635, -0.6180464015700348, 2.3732981872558594], [-1.6653345369377348e-16, -0.9086415699439835, -0.41757693586898836, 6.010923385620117], [0.0, 0.0, 0.0, 1.0]], "spherical_40": [[-0.9493964402855632, -0.17376799445504476, 0.26163157927928493, -0.6697769165039062], [-0.3140802432072117, 0.5252629509151916, -0.7908555071710406, 3.0368850708007815], [-1.942890293094024e-16, -0.8330087133391442, -0.5532598697728436, 7.639118671417236], [0.0, 0.0, 0.0, 1.0]], "spherical_41": [[-0.745128123896357, -0.3616008183911163, 0.5603828397779241, -1.4345796712239585], [-0.6669213439219768, 0.4040040731380182, -0.6260963423541104, 2.4042103576660154], [-1.1102230246251565e-16, -0.8402532695721963, -0.5421941008285082, 7.50632905960083], [0.0, 0.0, 0.0, 1.0]], "spherical_42": [[0.615304230444821, 0.2558880864254373, -0.7456017644978012, 1.9087406412760417], [0.7882897335350161, -0.19973496469621035, 0.5819838828361976, -2.234817810058594], [0.0, -0.945847361419025, -0.32461172020841833, 4.895340919494629], [0.0, 0.0, 0.0, 1.0]], "spherical_43": [[-0.3396776956382823, 0.08847642077043799, -0.936371179636323, 2.3971101888020834], [0.9405418986339027, 0.03195335239108088, -0.3381714360869423, 1.2985787963867188], [0.0, -0.9955656212619155, -0.09406962188388035, 2.128835439682007], [0.0, 0.0, 0.0, 1.0]], "spherical_44": [[-0.6771206617535865, 0.5441742008126047, -0.4953605238574716, 1.2681229654947916], [0.7358720061439936, 0.5007278329478375, -0.4558113950802208, 1.7503157043457032], [-1.6653345369377348e-16, -0.6731612559270815, -0.7394957224478549, 9.87394905090332], [0.0, 0.0, 0.0, 1.0]], "spherical_45": [[-0.10800221509647427, -0.8087773319437368, 0.5781130934931553, -1.4799694824218748], [-0.994150653338947, 0.08786368854294642, -0.06280486208386382, 0.24117053985595704], [-2.7755575615628914e-16, -0.5815145738239059, -0.8135359859467813, 10.762432098388672], [0.0, 0.0, 0.0, 1.0]], "spherical_46": [[-0.20667729338962126, -0.143660496623975, 0.9678048140544111, -2.477580362955729], [-0.9784091661452996, 0.030346570368130266, -0.20443725020101328, 0.7850381469726563], [5.551115123125783e-17, -0.9891616386499453, -0.14683069373722568, 2.7619683742523193], [0.0, 0.0, 0.0, 1.0]], "spherical_47": [[0.9722436972962598, -0.1887598762823948, 0.13824580345729706, -0.3539095052083333], [-0.2339704961479088, -0.7843749662434534, 0.5744682056153176, -2.205957946777344], [-2.220446049250313e-16, -0.5908685314318545, -0.8067678591537739, 10.681214332580566], [0.0, 0.0, 0.0, 1.0]], "spherical_48": [[0.965582686786877, -0.23844191732003672, 0.10390152569707828, -0.2659878285725911], [-0.26009628020684156, -0.8851929254251573, 0.3857245257950514, -1.4811824035644532], [-1.8735013540549517e-16, -0.3994733243184054, -0.9167448189970877, 12.000937461853027], [0.0, 0.0, 0.0, 1.0]], "spherical_49": [[-0.9563835188850107, 0.2656834855651052, -0.12142013961077786, 0.31083549499511726], [0.2921139585934302, 0.8698499313688908, -0.39753054233909096, 1.5265174865722657], [-6.938893903907228e-17, -0.41566017658119786, -0.9095199929657882, 11.914239883422852], [0.0, 0.0, 0.0, 1.0]], "spherical_50": [[0.4722202196337034, 0.4172149225004073, -0.7764919655811489, 1.9878194173177084], [0.8814806090715195, -0.22350726755648476, 0.4159764863310632, -1.5973497009277344], [-1.6653345369377348e-16, -0.8808951184973234, -0.4733115149746381, 6.6797380447387695], [0.0, 0.0, 0.0, 1.0]], "spherical_51": [[-0.26517856585307903, -0.6535584768930046, 0.7089017177954928, -1.8147884114583335], [-0.9641993197529776, 0.17974468147105777, -0.19496543609256384, 0.748667449951172], [-1.6653345369377348e-16, -0.7352232088040775, -0.6778250756912408, 9.13390064239502], [0.0, 0.0, 0.0, 1.0]], "spherical_52": [[-0.8269256417347987, -0.17077630889596235, 0.5357512812503232, -1.3715237426757811], [-0.5623112866033297, 0.25114080437534225, -0.7878669388521226, 3.025408630371094], [-1.1102230246251565e-16, -0.9527663662711742, -0.30370421680052984, 4.644450664520264], [0.0, 0.0, 0.0, 1.0]], "spherical_53": [[-0.8662894684654951, -0.3924359512770004, 0.3090899237618177, -0.7912698364257813], [-0.49954234737984976, 0.6805491735017957, -0.5360133073163879, 2.0582913208007816], [-2.7755575615628914e-16, -0.6187461891529827, -0.7855909580746598, 10.427091598510742], [0.0, 0.0, 0.0, 1.0]], "spherical_54": [[-0.9978929609531515, 0.0608870506815142, -0.022414404731313578, 0.05738096872965495], [0.06488172685858794, 0.9364541024117101, -0.3447376910001658, 1.3237928771972658], [-2.255140518769849e-16, -0.3454656005097829, -0.9384314140438903, 12.261177062988281], [0.0, 0.0, 0.0, 1.0]], "spherical_55": [[-0.7600765549172984, 0.25790541363202935, -0.5964632665004135, 1.5269459025065104], [0.6498335407356652, 0.3016585725415679, -0.6976521159912958, 2.678984375], [-5.551115123125783e-17, -0.9178708532421518, -0.3968791966940629, 5.762550354003906], [0.0, 0.0, 0.0, 1.0]], "spherical_56": [[0.9753427907085563, -0.2206129056008085, 0.0060321219495194835, -0.01544225056966146], [-0.22069535702602608, -0.9749784042336743, 0.02665840702505176, -0.10236832618713379], [-2.489328188026718e-16, -0.027332346410932302, -0.9996264016319664, 12.995516777038574], [0.0, 0.0, 0.0, 1.0]], "spherical_57": [[0.275496297139395, 0.6383456519888573, -0.7187604739058786, 1.84002685546875], [0.9613021326630262, -0.18294130163925243, 0.20598711098526035, -0.7909908294677734], [-1.6653345369377348e-16, -0.7476946627744891, -0.6640426878285336, 8.968511581420898], [0.0, 0.0, 0.0, 1.0]], "spherical_58": [[0.28241084468001176, 0.695584344939058, -0.6606107279501474, 1.6911634318033855], [0.9592935498621484, -0.20477627773965615, 0.19448023361763228, -0.7468042755126953], [-1.6653345369377348e-16, -0.6886429373418366, -0.725100617052011, 9.701207160949707], [0.0, 0.0, 0.0, 1.0]], "spherical_59": [[-0.853004529205455, 0.4084700177861628, -0.3248623057923955, 0.8316475423177083], [0.5219035094296455, 0.6676076495385183, -0.5309583346390514, 2.0388800048828126], [-1.942890293094024e-16, -0.6224566417409543, -0.7826542845679523, 10.391851425170898], [0.0, 0.0, 0.0, 1.0]], "spherical_60": [[-0.9542545351047124, 0.01609724305334126, -0.29856182106587353, 0.7643185424804688], [0.29899545520306664, 0.051374918645172074, -0.9528705764699175, 3.6590228271484375], [0.0, -0.998549696560108, -0.05383775162203919, 1.6460530757904053], [0.0, 0.0, 0.0, 1.0]], "spherical_61": [[-0.46968788040646325, 0.015979338267828214, -0.8826879152609977, 2.2596809895833334], [0.882832540745573, 0.008501387494139645, -0.46961093621357525, 1.8033059692382813], [-1.1102230246251565e-16, -0.9998361801611286, -0.018100078475056125, 1.2172009944915771], [0.0, 0.0, 0.0, 1.0]], "spherical_62": [[-0.986079304031533, -0.15704725924605825, 0.05462384574514652, -0.13983688354492188], [-0.16627569323472444, 0.9313511138323863, -0.3239405757272236, 1.2439318084716795], [-3.469446951953614e-17, -0.3285137152790955, -0.9444992000385845, 12.333990097045898], [0.0, 0.0, 0.0, 1.0]], "spherical_63": [[0.4373461476784494, 0.557437562054667, -0.7056852779542513, 1.8065541585286458], [0.8992932486741017, -0.27109418501175025, 0.3431903200004257, -1.3178511047363282], [-5.551115123125783e-17, -0.7847109705256857, -0.6198618335860303, 8.438342094421387], [0.0, 0.0, 0.0, 1.0]], "spherical_64": [[-0.9930316597495428, -0.03579241552899417, 0.11228101231137991, -0.28743893941243487], [-0.1178478796375583, 0.3016006898767726, -0.9461230898412671, 3.6331127929687503], [-6.245004513516506e-17, -0.952762261456894, -0.3037170939271371, 4.6446051597595215], [0.0, 0.0, 0.0, 1.0]], "spherical_65": [[0.12104908270274511, 0.8426900466311914, -0.5246147204239933, 1.3430136108398438], [0.9926465229762426, -0.10276251896958583, 0.06397456618220701, -0.24566217422485354], [-2.7755575615628914e-16, -0.5285010406836927, -0.8489326533926317, 11.1871919631958], [0.0, 0.0, 0.0, 1.0]], "spherical_66": [[-0.9821667229159977, -0.09129026043718352, 0.16436123857455426, -0.42076436360677083], [-0.18801204322183818, 0.476896343400421, -0.858615949802272, 3.2970852661132817], [-6.938893903907228e-17, -0.874205905951578, -0.4855553871592625, 6.826664447784424], [0.0, 0.0, 0.0, 1.0]], "spherical_67": [[-0.6191562718398429, -0.5357399808851643, 0.5741325490882319, -1.469779561360677], [-0.7852677957495692, 0.42241229175045897, -0.4526834928918197, 1.7383042907714845], [-1.6653345369377348e-16, -0.731129625072934, -0.6822385736241476, 9.18686294555664], [0.0, 0.0, 0.0, 1.0]], "spherical_68": [[-0.6788899167598875, -0.727273643351727, 0.10090356092655428, -0.25831311543782554], [-0.7342400703596569, 0.6724486487843995, -0.09329701938583868, 0.3582606887817383], [-1.8735013540549517e-16, -0.13742584339905073, -0.9905120582638359, 12.886144638061523], [0.0, 0.0, 0.0, 1.0]], "spherical_69": [[0.11150640747407572, -0.6469837032261775, 0.7543065748433904, -1.9310247802734375], [-0.9937637149203152, -0.07259555501763268, 0.08463784200614133, -0.3250094223022461], [-2.220446049250313e-16, -0.7590401657036495, -0.6510437979495518, 8.812525749206543], [0.0, 0.0, 0.0, 1.0]], "spherical_70": [[0.05388293055871215, 0.910262925320253, -0.41050948415575084, 1.0509041341145833], [0.9985472596699694, -0.049118991134593316, 0.022151634601418557, -0.08506231307983399], [-1.3877787807814457e-16, -0.41110671546124783, -0.911587224846128, 11.939046859741211], [0.0, 0.0, 0.0, 1.0]], "spherical_71": [[0.41657991469749334, 0.22599538265612712, -0.88056076547206, 2.2542354329427083], [0.9090991005773954, -0.1035587178219872, 0.40350268560746533, -1.5494505310058595], [5.551115123125783e-17, -0.9686081142449599, -0.24859268094379466, 3.983112096786499], [0.0, 0.0, 0.0, 1.0]], "spherical_72": [[-0.08970023907134526, 0.7840031968522335, -0.6142416905714088, 1.5724586995442706], [0.9959688083020192, 0.07060991629872217, -0.055320634574667016, 0.212430419921875], [-2.220446049250313e-16, -0.6167278387147495, -0.7871764560466954, 10.446117401123047], [0.0, 0.0, 0.0, 1.0]], "spherical_73": [[0.6191748841882094, 0.7839534005632763, -0.04516113966445949, 0.11561256408691407], [0.7852531202042546, -0.6181500506186588, 0.035609719594970425, -0.136741418838501], [-1.491862189340054e-16, -0.05751156983968737, -0.9983448398897925, 12.980137825012207], [0.0, 0.0, 0.0, 1.0]], "spherical_74": [[-0.8039265558898554, 0.39373472092435713, -0.44572980859899225, 1.1410680135091145], [0.5947285874540382, 0.5322323574220886, -0.6025169084580536, 2.3136651611328127], [-1.942890293094024e-16, -0.7494676025363237, -0.6620410204424312, 8.94449234008789], [0.0, 0.0, 0.0, 1.0]], "spherical_75": [[0.08098370022681856, -0.2682374374018427, 0.9599428719844038, -2.457453816731771], [-0.9967154259353935, -0.0217944456912309, 0.07799590911989696, -0.2995039176940918], [1.1102230246251565e-16, -0.9631062658466638, -0.26912138652826445, 4.229456901550293], [0.0, 0.0, 0.0, 1.0]], "spherical_76": [[-0.4153726408845284, 0.3715965481500723, -0.8302900545035838, 2.125542602539063], [0.9096513448594541, 0.1696815383398549, -0.37913402160978316, 1.4558747863769532], [-5.551115123125783e-17, -0.9127563645078416, -0.4085043684594192, 5.902052402496338], [0.0, 0.0, 0.0, 1.0]], "spherical_77": [[-0.7820727115714108, -0.6105759512221023, 0.12473684942536539, -0.3193263244628906], [-0.6231871900282782, 0.7662461575484163, -0.15653929930514682, 0.6011109161376954], [-2.220446049250313e-16, -0.20015952096143869, -0.9797633215060093, 12.757160186767578], [0.0, 0.0, 0.0, 1.0]], "spherical_78": [[0.4910604972132024, 0.8690366044820254, -0.060290697019310904, 0.1543441645304362], [0.8711254720628495, -0.48988298560810234, 0.03398635512921511, -0.1305075740814209], [-1.8388068845354155e-16, -0.06921011835016229, -0.9976021048083029, 12.97122573852539], [0.0, 0.0, 0.0, 1.0]], "spherical_79": [[0.9339102495960601, -0.29633794501190064, 0.19998866979293767, -0.5119710795084637], [-0.3575075463531154, -0.7741180487348222, 0.5224266464524632, -2.0061181640625003], [-1.249000902703301e-16, -0.5593970584201491, -0.8288998317232817, 10.946798324584961], [0.0, 0.0, 0.0, 1.0]], "spherical_80": [[0.6652400580768277, -0.6980809006289154, 0.26483715998149016, -0.677983144124349], [-0.7466295367382266, -0.6219836693113879, 0.23596747653014266, -0.9061150360107423], [-1.6653345369377348e-16, -0.3547102638592022, -0.9349762717379171, 12.219715118408203], [0.0, 0.0, 0.0, 1.0]], "spherical_81": [[0.8485783047966989, -0.45967208015665406, 0.2619473980646027, -0.670585225423177], [-0.5290698069521269, -0.737270865613772, 0.42013903661616475, -1.6133338928222658], [-1.6653345369377348e-16, -0.49510933079631453, -0.868830680028293, 11.425968170166016], [0.0, 0.0, 0.0, 1.0]], "spherical_82": [[0.7074236424883126, 0.10488950349186998, -0.6989635055607675, 1.7893467203776041], [0.7067897778325377, -0.10498357071116282, 0.6995903514430186, -2.686426696777344], [0.0, -0.9889270154758456, -0.14840268886390412, 2.780832290649414], [0.0, 0.0, 0.0, 1.0]], "spherical_83": [[-0.7994828815234475, -0.5518818571599721, 0.2371782829194638, -0.6071764119466145], [-0.6006888730041243, 0.7345235066801993, -0.31567086654181176, 1.2121762847900392], [-1.942890293094024e-16, -0.3948438094637974, -0.9187482604762396, 12.024978637695312], [0.0, 0.0, 0.0, 1.0]], "spherical_84": [[-0.7479193018796981, -0.4897509416704067, 0.4480633136162069, -1.1470421346028645], [-0.6637896638814027, 0.5518226666067823, -0.504851489790012, 1.938629608154297], [-1.942890293094024e-16, -0.6750079701395606, -0.7378104365269378, 9.85372543334961], [0.0, 0.0, 0.0, 1.0]], "spherical_85": [[0.08604725436249851, -0.7536852361499775, 0.651578418017531, -1.668040771484375], [-0.9962910568787997, -0.0650939750753443, 0.056275255594399776, -0.21609737396240236], [-2.220446049250313e-16, -0.6540040819585482, -0.7564910183085832, 10.077892303466797], [0.0, 0.0, 0.0, 1.0]], "spherical_86": [[-0.7342350079582538, 0.4859234995208767, -0.4741068505114946, 1.2137132771809895], [0.6788953918598536, 0.5255331658098286, -0.5127532920863164, 1.968973083496094], [-2.7755575615628914e-17, -0.698350373557059, -0.7157560728018431, 9.589072227478027], [0.0, 0.0, 0.0, 1.0]], "spherical_87": [[0.5355608961675156, 0.7925219986587895, -0.2916906034450294, 0.7467280069986978], [0.8444966112994461, -0.502599757246001, 0.18498366825212822, -0.7103372955322266], [-1.942890293094024e-16, -0.3454017453026821, -0.938454918651856, 12.261459350585938], [0.0, 0.0, 0.0, 1.0]], "spherical_88": [[0.5755771505317837, 0.5630220839358997, -0.5930573975478167, 1.5182269287109378], [0.8177474816749437, -0.39628693945291477, 0.41742750009232665, -1.6029219055175783], [-1.1102230246251565e-16, -0.7252329243901703, -0.6885035986692309, 9.262042999267578], [0.0, 0.0, 0.0, 1.0]], "spherical_89": [[-0.6150942743726953, 0.473485300684479, -0.630452776716588, 1.6139594523111975], [0.7884535710071503, 0.3693788805834655, -0.49183351750869775, 1.8886399841308594], [0.0, -0.7996067237177501, -0.6005240106651568, 8.20628833770752], [0.0, 0.0, 0.0, 1.0]], "spherical_90": [[-0.809957992692947, 0.5143250407891392, -0.2818471260986406, 0.7215288289388022], [0.5864878942252881, 0.710298851401811, -0.38923963264864925, 1.4946800231933595], [-2.220446049250313e-16, -0.48056767901568076, -0.8769576420132744, 11.523491859436035], [0.0, 0.0, 0.0, 1.0]], "spherical_91": [[-0.9932930533268027, 0.04544886384862412, -0.1063170305623069, 0.2721716817220052], [0.1156240036182681, 0.39043831150732966, -0.913339484909411, 3.507223510742188], [-3.469446951953614e-17, -0.9195065664160178, -0.3930746421709562, 5.716895580291748], [0.0, 0.0, 0.0, 1.0]], "spherical_92": [[0.1806940141594042, -0.9318032011230485, 0.3147895608558212, -0.8058614095052085], [-0.9835393602937105, -0.17118914363246876, 0.057832550137625977, -0.22207687377929688], [-1.6653345369377348e-16, -0.320057918944715, -0.9473979778956564, 12.368775367736816], [0.0, 0.0, 0.0, 1.0]], "spherical_93": [[0.6290521250018898, -0.7217568633586898, 0.2887221055361581, -0.7391287231445312], [-0.7773631223762848, -0.5840548330136911, 0.23363759971961484, -0.8971683502197266], [-2.220446049250313e-16, -0.37141214604260775, -0.928468102721911, 12.141616821289062], [0.0, 0.0, 0.0, 1.0]], "spherical_94": [[0.7053340388841577, -0.4259443751571428, 0.5666350526250142, -1.4505857340494792], [-0.7088750902601682, -0.4238166506306671, 0.5638045344415399, -2.1650093078613284], [-2.220446049250313e-16, -0.7993440034929857, -0.600873667321015, 8.210484504699707], [0.0, 0.0, 0.0, 1.0]], "spherical_95": [[0.47494694986908503, 0.640584568457629, -0.603387773711074, 1.5446727498372397], [0.8800144287510592, -0.3457257937849345, 0.32565054997915266, -1.2504979705810548], [-2.7755575615628914e-16, -0.6856566824335126, -0.7279250743272072, 9.735100746154785], [0.0, 0.0, 0.0, 1.0]], "spherical_96": [[-0.4506253599512878, 0.8449183021941902, -0.28818370458105347, 0.7377503967285156], [0.8927131594015922, 0.42649938566034823, -0.14546989057043047, 0.5586043930053712], [-1.6653345369377348e-16, -0.322817807204982, -0.9464611261702023, 12.35753345489502], [0.0, 0.0, 0.0, 1.0]], "spherical_97": [[0.8706579413867426, 0.4858840227650532, -0.07662548872176145, 0.19616132100423178], [0.4918889601324668, -0.8600290254520152, 0.13562937100738226, -0.520816879272461], [-9.020562075079397e-17, -0.1557780209198555, -0.9877920875357799, 12.85350513458252], [0.0, 0.0, 0.0, 1.0]], "spherical_98": [[0.5485542265169416, -0.42482929164263505, 0.720144661531846, -1.8435701497395833], [-0.8361149804724228, -0.27871992360080955, 0.4724689869373008, -1.8142813110351563], [0.0, -0.8612985992966529, -0.5080991269915982, 7.097189426422119], [0.0, 0.0, 0.0, 1.0]], "spherical_99": [[0.4152592624090553, -0.7598167754552041, 0.5002381560020619, -1.280609639485677], [-0.9097031081531421, -0.34683948083030935, 0.22834760684945646, -0.8768550872802735], [-1.6653345369377348e-16, -0.5498916641250504, -0.835235989242431, 11.022831916809082], [0.0, 0.0, 0.0, 1.0]], "spherical_100": [[0.940529142879249, 0.22343004112704717, -0.25589831597099494, 0.6550995890299478], [0.3397130132844857, -0.6185882108046232, 0.7084798473200985, -2.7205627441406253], [-1.6653345369377348e-16, -0.7532779315601256, -0.6577023322328264, 8.892428398132324], [0.0, 0.0, 0.0, 1.0]]}, "fov": 90, "img_size": [256, 256]}